CODIGO Score CURSO ILEX 
1088324830 104 16 
96052220502 103 16 
1094952714 101 16 
97032013825 101 16 
1088332297 100 16 
1094941173 100 16 
96122207851 99 16 
97101904125 99 16 
96101017408 98 16 
96101517788 97 16 
97080908168 97 16 
1088303158 96 16 
1088304226 94 16 
98052459222 94 16 
1123622136 91 16 
1088292259 91 16 
10103136 90 16 
96041919865 90 16 
1144053980 90 16 
96090620166 89 16 
1088330484 88 16 
1088329601 88 16 
97040307935 88 16 
98020357509 88 16 
96120509508 87 16 
97020109231 87 16 
97101015096 85 16 
96110911340 84 16 
1053845464 84 16 
96110915850 84 16 
96120316262 83 16 
1088327525 83 16 
96071019117 83 16 
1112764387 81 16 
1087988176 81 16 
1061368218 80 16 
97071912306 79 16 
97020311863 79 16 
1088307831 77 16 
97021021249 77 16 
96080619070 77 16 
96113001876 77 16 
96062219022 76 16 
960912183 75 15 
1088309762 75 15 
9701210846 75 15 
97051316812 75 15 
1125080944 75 15 
1088019854 74 15 
97071114922 74 15 
97031606857 74 15 
1088311421 73 15 
98022561936 73 15 
97062122548 72 15 
1088013970 72 15 
97102724201 71 15 
97061516305 70 14 
96020528165 70 14 
95091514460 70 14 
96031018240 70 14 
97010207740 70 14 
97021512919 70 14 
96041515829 69 14 
1112785283 69 14 
97011613300 68 14 
96062505750 67 14 
1088020534 67 14 
1088277886 66 14 
1088328793 66 14 
97020609943 66 14 
96051513468 64 13 
96032913978 64 13 
96122220645 63 13 
96081503173 63 13
1088023207 63 13 
96081508213 63 13 
97072024129 62 13 
97092018311 62 13 
97040321016 62 13 
96043020169 61 13 
97090823128 61 13 
97081803475 61 13 
96020919717 61 13 
1088316630 61 13 
96121910362 59 12 
96091215265 59 12 
96072511848 59 12 
1088326407 59 12 
96042404982 59 12 
97010512364 58 12 
97021418467 58 12 
97080908125 58 12 
1088312447 58 12 
96060519428 58 12 
87453233 58 12 
95092313469 58 12 
1088329244 58 12 
97040205490 57 11 
96011519757 56 11 
98020257962 55 11 
96102015964 54 10 
96062411942 54 10 
97021725548 54 10 
95122422799 54 10 
1088329878 54 10 
1087556880 54 10 
96082929581 54 10 
98072564642 54 10 
97060513981 53 10 
97032209746 53 10 
1112784600 53 10
96072219489 53 10 
96041623303 52 10 
97051211263 52 10 
97111403841 52 10 
96081401214 52 10 
96042619016 52 10 
1088328695 51 10 
96080318283 51 10 
96112502189 50 9 
97032208847 50 9 
1087558219 50 9 
1088328499 49 9 
96072318657 49 9 
96113014382 48 9 
96080620168 48 9 
96112718181 48 9 
97020511293 48 9 
97020510190 47 8 
96011801010 47 8 
1088268412 47 8 
97012912556 47 8 
96102817335 47 8 
1093214193 47 8 
96101517621 47 8 
1088270384 47 8 
1093225950 47 8 
1088022376 47 8 
1004771460 47 8 
1088328292 46 8 
1058819137 46 8 
97042315749 46 8 
96051421229 46 8 
97021514083 46 8 
1094900724 46 8 
97082303190 45 8 
98031453062 45 8 
96122708265 45 8 
1088262942 45 8 
1112784669 45 8 
97090421283 45 8 
97111007261 44 8 
96081219467 44 8 
96050920540 44 8 
97031606652 44 8 
1088020895 44 8 
1112781347 44 8 
1113310675 44 8 
1112784772 44 8 
97100615006 43 7 
97050709063 43 7 
96032213380 43 7 
96020515411 43 7 
96112413194 43 7 
97042310445 43 7 
97110108188 43 7 
97050806492 43 7 
1088023578 43 7 
1088309096 43 7 
96031118791 43 7 
1089747448 43 7 
97060516980 42 7 
1060652729 42 7 
97071717473 42 7 
97020816302 42 7 
1088330066 42 7 
97061621974 42 7 
1130616884 42 7 
96032000921 42 7 
96101816335 41 7 
79745796 41 7 
96120714624 41 7 
1088322548 41 7 
96110718176 41 7 
96102117244 41 7 
96071117593 41 7 
96112927970 41 7 
96112515825 41 7 
97050608399 41 7 
96081317434 41 7 
1088312674 41 7 
96092722098 41 7 
1088271974 41 7 
1088320991 41 7 
97051108080 41 7 
1088019744 41 7 
97051011175 40 6 
98020403640 40 6 
9867141 40 6 
97072610125 40 6 
96040719404 40 6 
1088296845 40 6 
96080416315 40 6 
97080111308 40 6 
96081619589 40 6 
97022723000 40 6 
97040109505 40 6 
98081160031 40 6 
96092618762 39 6 
97012317933 39 6 
1140881105 39 6 
97030807468 39 6 
98040252525 39 6 
97061304928 39 6 
97021409603 39 6 
97041605077 39 6 
95121212120 38 6 
96080317694 38 6 
97020908185 38 6 
96111714565 38 6 
96090620123 38 6 
95122122884 38 6
96112822019 38 6 
96101616476 38 6 
1126595160 38 6 
1088328672 38 6 
97022617811 38 6 
97013110216 38 6 
1088323320 38 6 
1088016875 37 6 
96022614018 37 6 
97050406508 37 6 
95112617524 37 6 
96050612055 37 6 
96071416680 37 6 
97071810686 37 6 
97040507608 37 6 
1088329021 37 6 
97021917080 37 6 
96060818310 37 6 
96052919085 37 6 
96092421063 37 6 
1088023004 37 6 
1094952167 37 6 
96101216990 37 6 
97021513443 37 6 
95122724140 37 6 
96090417778 37 6 
96091719948 37 6 
95122712797 36 6 
1089485950 36 6 
1004775934 36 6 
95101720293 36 6 
97100615073 36 6 
96061220540 36 6 
96022628035 36 6 
25181212 36 6 
97052224229 36 6 
97021010212 36 6
97112512318 27 4 
96060918667 27 4 
97012412944 26 4 
96110907521 26 4 
97100614883 26 4 
96042712520 26 4 
96071900255 26 4 
1088023772 26 4 
97020713279 26 4 
9601041996 26 4 
97031006817 26 4 
96020413406 25 4 
97121209920 25 4 
96070707354 25 4 
97021914065 25 4 
97020211060 25 4 
95100200628 25 4 
1088327130 25 4 
1088319865 25 4 
1115084947 25 4 
1006255809 25 4 
1112783559 25 4 
97052414613 25 4 
1088326944 25 4 
96020419544 25 4 
96051418813 24 4 
96061515167 24 4 
96090418847 24 4 
96092117739 24 4 
1093225672 24 4 
96040919900 24 4 
1088009587 24 4 
1054561347 24 4 
96062111370 24 4 
96120905888 23 4 
1127947382 23 4 
97013013350 23 4 
96072219489 53 10 
96041623303 52 10 
97051211263 52 10 
97111403841 52 10 
96081401214 52 10 
96042619016 52 10 
1088328695 51 10 
96080318283 51 10 
96112502189 50 9 
97032208847 50 9 
1087558219 50 9 
1088328499 49 9 
96072318657 49 9 
96113014382 48 9 
96080620168 48 9 
96112718181 48 9 
97020511293 48 9 
97020510190 47 8 
96011801010 47 8 
1088268412 47 8 
97012912556 47 8 
96102817335 47 8 
1093214193 47 8 
96101517621 47 8 
1088270384 47 8 
1093225950 47 8 
1088022376 47 8 
1004771460 47 8 
1088328292 46 8 
1058819137 46 8 
97042315749 46 8 
96051421229 46 8 
97021514083 46 8 
1094900724 46 8 
97082303190 45 8 
98031453062 45 8 
96122708265 45 8 
97061122994 1 1 
1088022843 1 1 
1144073366 1 1 
97060311351 1 1 
96103018185 1 1 
1088330478 1 1 
1087558577 1 1 
97030415160 1 1 
98011806732 1 1 
97052810934 1 1 
95121828864 1 1 
96072816517 1 1 
1089747207 1 1 
1053845466 1 1 
1075224521 1 1 
1088020868 1 1 
96031821786 1 1 
96070519825 1 1 
96021804387 1 1 
1034282091 1 1 
1053819459 1 1 
95122921280 1 1 
1088302590 1 1 
1088307677 1 1 
1089747125 1 1 
97062414840 1 1 
1088284252 1 1 
98080169922 1 1 
1088328072 1 1 
1085259768 1 1 
1088320571 1 1 
96070519663 1 1 
97012225265 1 1 
96040726826 1 1 
1088322342 1 1 
96011220891 1 1 
1089747358 1 1